Temperature,Energy,Energy^2
2.4,-1.0385456,1.3127290879999998
2.39,-1.0567424,1.3541201920000003
2.3800000000000003,-1.0699152,1.3828167679999999
2.3700000000000006,-1.0718928,1.3853455359999998
2.3600000000000008,-1.0989632000000003,1.4507770880000002
2.350000000000001,-1.0960079999999999,1.4410496000000002
2.340000000000001,-1.1062736,1.467213824
2.3300000000000014,-1.1155408,1.489242112
2.3200000000000016,-1.1272239999999998,1.5151687679999999
2.310000000000002,-1.1388255999999999,1.54256128
2.300000000000002,-1.1475744,1.5614428160000002
2.2900000000000023,-1.1628207999999998,1.59835904
2.2800000000000025,-1.1684320000000001,1.612455424
2.2700000000000027,-1.1835248,1.6465955839999997
2.260000000000003,-1.1863328,1.6526049279999997
2.250000000000003,-1.2026464000000001,1.6916956159999998
2.2400000000000033,-1.2144864,1.7196400639999998
2.2300000000000035,-1.2366928,1.7737630720000004
2.2200000000000037,-1.2440671999999997,1.79437824
2.210000000000004,-1.2492128,1.806478336
2.200000000000004,-1.2587871999999998,1.8305889279999996
2.1900000000000044,-1.2807712,1.885718528
2.1800000000000046,-1.29028,1.907984384
2.170000000000005,-1.3007791999999998,1.9334973439999998
2.160000000000005,-1.3071296,1.9490846720000001
2.1500000000000052,-1.3268815999999997,1.997645312
2.1400000000000055,-1.3299104000000002,2.008162816
2.1300000000000057,-1.3461519999999998,2.0483317760000004
2.120000000000006,-1.3618048,2.0890460159999997
2.110000000000006,-1.3691743999999997,2.1093376
2.1000000000000063,-1.3829055999999993,2.1418987520000003
2.0900000000000065,-1.4006703999999999,2.192625664
2.0800000000000067,-1.4049120000000002,2.2003430399999995
2.070000000000007,-1.4199503999999998,2.2396887039999998
2.060000000000007,-1.4301888,2.2679239680000003
2.0500000000000074,-1.4503903999999999,2.3220147200000003
2.0400000000000076,-1.4585088,2.3431157759999994
2.030000000000008,-1.4667264000000002,2.366829568
2.020000000000008,-1.4782975999999999,2.3986396159999996
2.0100000000000082,-1.4967407999999995,2.44815872
2.0000000000000084,-1.5090351999999998,2.480347648000001
1.9900000000000084,-1.5156079999999996,2.497886208
1.9800000000000084,-1.5263728,2.527292416
1.9700000000000084,-1.5449423999999996,2.5789634560000003
1.9600000000000084,-1.5577471999999997,2.614255104
1.9500000000000084,-1.5574064,2.6132628479999997
1.9400000000000084,-1.5741135999999998,2.6617687039999995
1.9300000000000084,-1.592088,2.7104855039999993
1.9200000000000084,-1.6047328,2.7465482240000005
1.9100000000000084,-1.6158015999999997,2.778782208
1.9000000000000083,-1.6265264,2.808065536
