Temperature,Energy,Energy^2
2.4,-1.283182222222222,2.181756049382716
2.39,-1.2932755555555553,2.206569876543209
2.3800000000000003,-1.3032133333333333,2.2286064197530866
2.3700000000000006,-1.3038666666666665,2.2297955555555555
2.3600000000000008,-1.3251688888888888,2.2773807407407407
2.350000000000001,-1.32808,2.2847367901234565
2.340000000000001,-1.3425688888888887,2.3203871604938273
2.3300000000000014,-1.3366577777777777,2.302332839506173
2.3200000000000016,-1.3454266666666665,2.3234686419753086
2.310000000000002,-1.363533333333333,2.3668266666666664
2.300000000000002,-1.3755066666666667,2.3959427160493827
2.2900000000000023,-1.381928888888889,2.4065382716049384
2.2800000000000025,-1.3856,2.415201975308642
2.2700000000000027,-1.3982666666666665,2.4509234567901235
2.260000000000003,-1.39748,2.4489560493827165
2.250000000000003,-1.4041333333333332,2.460689382716049
2.2400000000000033,-1.420364444444444,2.5002508641975307
2.2300000000000035,-1.4271377777777778,2.51678024691358
2.2200000000000037,-1.4408222222222222,2.550475061728395
2.210000000000004,-1.4431199999999997,2.556673580246913
2.200000000000004,-1.4519511111111112,2.5768296296296294
2.1900000000000044,-1.4626177777777778,2.600478024691358
2.1800000000000046,-1.468937777777778,2.6169797530864196
2.170000000000005,-1.4766666666666666,2.6334340740740734
2.160000000000005,-1.4841866666666665,2.6538034567901234
2.1500000000000052,-1.4887911111111112,2.6655051851851854
2.1400000000000055,-1.4931644444444447,2.6750143209876547
2.1300000000000057,-1.5125288888888888,2.719853827160494
2.120000000000006,-1.523191111111111,2.74793086419753
2.110000000000006,-1.5199288888888887,2.738974814814815
2.1000000000000063,-1.5332977777777779,2.773657283950617
2.0900000000000065,-1.5490311111111112,2.80914962962963
2.0800000000000067,-1.5448755555555553,2.799857777777778
2.070000000000007,-1.5540444444444446,2.8211832098765437
2.060000000000007,-1.5690311111111113,2.858536296296297
2.0500000000000074,-1.5811200000000003,2.888888888888889
2.0400000000000076,-1.5900311111111112,2.9099298765432096
2.030000000000008,-1.5935422222222222,2.9203200000000007
2.020000000000008,-1.6050888888888888,2.946931358024691
2.0100000000000082,-1.6015111111111109,2.938852345679012
2.0000000000000084,-1.6171155555555556,2.9785876543209877
1.9900000000000084,-1.619551111111111,2.985833086419754
1.9800000000000084,-1.633831111111111,3.0202113580246914
1.9700000000000084,-1.6356488888888887,3.0250390123456787
1.9600000000000084,-1.6441599999999996,3.0444404938271608
1.9500000000000084,-1.660564444444444,3.0872059259259252
1.9400000000000084,-1.6608222222222222,3.0873086419753086
1.9300000000000084,-1.6703377777777775,3.1111980246913578
1.9200000000000084,-1.6789022222222219,3.13216
1.9100000000000084,-1.6868355555555556,3.1531535802469133
1.9000000000000083,-1.6914088888888887,3.1648671604938268
