Temperature,Energy,Energy^2
2.4,-0.98512,1.1292560493827162
2.39,-0.9935355555555555,1.1485743209876542
2.3800000000000003,-1.0071277777777778,1.1767359259259258
2.3700000000000006,-1.01568,1.1960274074074075
2.3600000000000008,-1.0163600000000002,1.1969222222222224
2.350000000000001,-1.0340111111111112,1.2359185185185186
2.340000000000001,-1.0484277777777777,1.2690156790123457
2.3300000000000014,-1.0512400000000004,1.2738308641975307
2.3200000000000016,-1.0696422222222224,1.3159162962962963
2.310000000000002,-1.0724677777777776,1.3199667901234566
2.300000000000002,-1.0845011111111111,1.3486783950617287
2.2900000000000023,-1.1035099999999998,1.3914233333333335
2.2800000000000025,-1.1057311111111112,1.3975377777777775
2.2700000000000027,-1.12477,1.4421640740740738
2.260000000000003,-1.1327088888888888,1.4609214814814813
2.250000000000003,-1.1461488888888889,1.4925874074074073
2.2400000000000033,-1.1607211111111113,1.5274912345679015
2.2300000000000035,-1.1629711111111112,1.533815802469136
2.2200000000000037,-1.1786288888888885,1.5698585185185185
2.210000000000004,-1.1919933333333332,1.6030585185185189
2.200000000000004,-1.20187,1.6255374074074076
2.1900000000000044,-1.224692222222222,1.6807996296296295
2.1800000000000046,-1.2300355555555555,1.6955182716049384
2.170000000000005,-1.2411466666666666,1.7234992592592593
2.160000000000005,-1.2565411111111109,1.761141358024691
2.1500000000000052,-1.276488888888889,1.8130970370370372
2.1400000000000055,-1.2831700000000001,1.8300620987654324
2.1300000000000057,-1.293367777777778,1.8547564197530861
2.120000000000006,-1.3083411111111112,1.8934295061728392
2.110000000000006,-1.3254933333333334,1.934864938271605
2.1000000000000063,-1.3373511111111112,1.9667659259259258
2.0900000000000065,-1.3527044444444447,2.0074856790123454
2.0800000000000067,-1.3681222222222225,2.047708148148148
2.070000000000007,-1.382766666666667,2.0843785185185184
2.060000000000007,-1.3985233333333338,2.129714691358025
2.0500000000000074,-1.4054077777777778,2.147026543209877
2.0400000000000076,-1.425138888888889,2.1989746913580244
2.030000000000008,-1.4335977777777777,2.2222083950617284
2.020000000000008,-1.4530366666666665,2.272392222222222
2.0100000000000082,-1.4608288888888887,2.2963276543209874
2.0000000000000084,-1.4709855555555555,2.3233840740740743
1.9900000000000084,-1.4892433333333335,2.3730625925925923
1.9800000000000084,-1.5042744444444445,2.416266790123457
1.9700000000000084,-1.5113255555555556,2.4372411111111107
1.9600000000000084,-1.5307788888888891,2.490819382716049
1.9500000000000084,-1.5416011111111114,2.52141
1.9400000000000084,-1.5595655555555556,2.5742566666666673
1.9300000000000084,-1.566918888888889,2.5934282716049384
1.9200000000000084,-1.5802644444444447,2.633391851851852
1.9100000000000084,-1.58611,2.6492065432098766
1.9000000000000083,-1.5977377777777781,2.684082222222222
