Temperature,Energy,Energy^2
2.4,-1.141082,1.657671375
2.39,-1.148903,1.67615775
2.3800000000000003,-1.157902,1.696105625
2.3700000000000006,-1.1692,1.721682875
2.3600000000000008,-1.1776375,1.741432
2.350000000000001,-1.187798,1.765151625
2.340000000000001,-1.19834525,1.7908999375
2.3300000000000014,-1.20562425,1.8066459375
2.3200000000000016,-1.21612975,1.8311468125
2.310000000000002,-1.22471875,1.8528583125
2.300000000000002,-1.2377255,1.883514875
2.2900000000000023,-1.24693125,1.9045398125
2.2800000000000025,-1.25662825,1.9289661875
2.2700000000000027,-1.2694265,1.959288875
2.260000000000003,-1.27743525,1.9779905625
2.250000000000003,-1.28733325,2.0025820625
2.2400000000000033,-1.297765,2.02753125
2.2300000000000035,-1.3098725,2.057058625
2.2200000000000037,-1.3197185,2.081157375
2.210000000000004,-1.328939,2.104973625
2.200000000000004,-1.34057375,2.1336294375
2.1900000000000044,-1.35092575,2.1585046875
2.1800000000000046,-1.3607195,2.18287475
2.170000000000005,-1.3723035,2.212318625
2.160000000000005,-1.38167725,2.2355919375
2.1500000000000052,-1.394636,2.267489375
2.1400000000000055,-1.4028645,2.28936075
2.1300000000000057,-1.41478725,2.3190149375
2.120000000000006,-1.4241055,2.342325125
2.110000000000006,-1.434989,2.370562625
2.1000000000000063,-1.4445505,2.395138125
2.0900000000000065,-1.45976375,2.4337313125
2.0800000000000067,-1.46667425,2.4520526875
2.070000000000007,-1.47841175,2.4827050625
2.060000000000007,-1.48971175,2.5119419375
2.0500000000000074,-1.5015905,2.543185875
2.0400000000000076,-1.509497,2.5638705
2.030000000000008,-1.52143075,2.5944456875
2.020000000000008,-1.53108925,2.6200979375
2.0100000000000082,-1.5411585,2.64700725
2.0000000000000084,-1.5517815,2.674948875
