Temperature,Magnetisation,Absolute magnetisation,Magnetisation^2,Magnetisation^4
2.4,0.016042777777777784,0.49781611111111107,0.324626574074074,0.48223
2.39,0.00801777777777778,0.5041100000000002,0.3310800617283951,0.49146
2.3800000000000003,0.016232777777777777,0.5127816666666666,0.339966450617284,0.48571
2.3700000000000006,0.006755555555555555,0.5160644444444444,0.3444716049382716,0.49423
2.3600000000000008,0.0031866666666666666,0.5168411111111112,0.3449402469135802,0.49611
2.350000000000001,0.006506666666666665,0.5280844444444444,0.35687938271604935,0.49982
2.340000000000001,-0.0042499999999999994,0.5359688888888889,0.365913024691358,0.50565
2.3300000000000014,0.015177777777777781,0.5364200000000001,0.36674629629629635,0.49265
2.3200000000000016,0.02046055555555555,0.5490394444444444,0.3805902160493827,0.49313
2.310000000000002,-0.0011544444444444445,0.5499844444444445,0.3813200617283951,0.50847
2.300000000000002,0.0035761111111111115,0.5568594444444445,0.3890022530864197,0.50654
2.2900000000000023,0.003026111111111112,0.5694061111111111,0.4029475,0.50791
2.2800000000000025,-0.013436666666666668,0.5688833333333333,0.40292314814814817,0.52157
2.2700000000000027,-0.01669666666666667,0.5812822222222221,0.4168615432098766,0.52182
2.260000000000003,0.0027466666666666664,0.5842555555555556,0.4207264197530864,0.50899
2.250000000000003,-0.012269999999999998,0.5938966666666665,0.4310038888888889,0.52282
2.2400000000000033,-0.0023366666666666644,0.6013144444444445,0.440353950617284,0.51918
2.2300000000000035,0.014115,0.6022127777777779,0.44172108024691353,0.50704
2.2200000000000037,0.005649444444444446,0.6122838888888888,0.4530130555555557,0.51584
2.210000000000004,-0.0021688888888888886,0.6188544444444444,0.4614352469135802,0.52323
2.200000000000004,-0.0006911111111111088,0.6242133333333334,0.467473950617284,0.52178
2.1900000000000044,-0.024051666666666662,0.638555,0.4839964506172839,0.5412
2.1800000000000046,0.009528333333333335,0.6396972222222221,0.48654101851851844,0.51962
2.170000000000005,-0.006206666666666669,0.6467666666666667,0.4949473456790124,0.53595
2.160000000000005,-0.014091111111111108,0.6573799999999999,0.5065683950617283,0.54039
2.1500000000000052,0.014195555555555555,0.6687344444444444,0.5207507407407407,0.52976
2.1400000000000055,0.00904944444444444,0.6712238888888887,0.5245845370370371,0.5333
2.1300000000000057,0.019740000000000008,0.6766977777777778,0.5309052469135803,0.52974
2.120000000000006,0.004043333333333333,0.6847088888888889,0.5408822839506173,0.54038
2.110000000000006,-0.03264666666666668,0.69536,0.5535109259259259,0.56156
2.1000000000000063,-0.0163888888888889,0.7021311111111113,0.5619641358024693,0.55845
2.0900000000000065,-0.023547222222222216,0.7110716666666668,0.5732191049382716,0.56373
2.0800000000000067,0.048810555555555545,0.7188905555555555,0.5835012654320987,0.52873
2.070000000000007,0.016908888888888886,0.7272355555555557,0.5937118518518519,0.55211
2.060000000000007,-0.00688166666666667,0.7351527777777777,0.60464237654321,0.56605
2.0500000000000074,0.007937222222222222,0.7393072222222223,0.6095763271604939,0.56028
2.0400000000000076,-0.012656666666666667,0.7507022222222224,0.6238451851851853,0.57503
2.030000000000008,0.05727111111111111,0.7544133333333333,0.629371049382716,0.54308
2.020000000000008,-0.034486111111111106,0.7654872222222223,0.6426918827160494,0.59256
2.0100000000000082,-0.013225000000000004,0.7685583333333332,0.6478500308641973,0.58902
2.0000000000000084,-0.022693888888888895,0.7743905555555556,0.6548747839506173,0.59603
1.9900000000000084,-0.04881722222222223,0.7841850000000001,0.6677536111111111,0.61034
1.9800000000000084,-0.08315000000000002,0.7919188888888891,0.6783708024691358,0.63426
1.9700000000000084,0.03873277777777778,0.7946327777777776,0.6830113888888889,0.5768
1.9600000000000084,-0.007974444444444442,0.8058733333333334,0.6973183333333333,0.60313
1.9500000000000084,0.0007594444444444468,0.8105116666666667,0.7039395370370369,0.60695
1.9400000000000084,0.04760500000000001,0.8203916666666665,0.7176178086419753,0.59421
1.9300000000000084,0.027342222222222226,0.82388,0.7223410493827161,0.60383
1.9200000000000084,0.008504444444444453,0.8308922222222221,0.7320148148148148,0.61659
1.9100000000000084,-0.032118333333333346,0.8333183333333334,0.7352521296296298,0.63806
1.9000000000000083,-0.018187222222222233,0.838832777777778,0.7435530555555556,0.63579
