Temperature,Magnetisation,Absolute magnetisation,Magnetisation^2,Magnetisation^4
2.4,0.00969333333333333,0.7471488888888889,0.644875061728395,0.72503
2.39,0.011537777777777775,0.7507044444444444,0.6498241975308641,0.73059
2.3800000000000003,-0.013844444444444447,0.7548711111111113,0.655044938271605,0.73792
2.3700000000000006,0.012231111111111106,0.755008888888889,0.6553283950617284,0.73201
2.3600000000000008,-0.003306666666666666,0.7632177777777778,0.6657669135802469,0.7408
2.350000000000001,0.00969555555555556,0.764668888888889,0.6675723456790122,0.744
2.340000000000001,-0.010700000000000003,0.7700644444444443,0.6749955555555556,0.74943
2.3300000000000014,0.016002222222222227,0.7677000000000002,0.6715298765432098,0.74185
2.3200000000000016,-0.017535555555555554,0.7708622222222223,0.6756691358024691,0.75167
2.310000000000002,-0.012713333333333337,0.7775444444444444,0.6847901234567901,0.75593
2.300000000000002,-0.018697777777777775,0.7824533333333333,0.691106172839506,0.76249
2.2900000000000023,0.02228,0.7854888888888889,0.6944622222222223,0.75523
2.2800000000000025,0.0017488888888888869,0.7863155555555557,0.6957995061728395,0.75874
2.2700000000000027,0.004713333333333334,0.7904533333333332,0.7021649382716049,0.76573
2.260000000000003,0.006397777777777783,0.7903866666666667,0.702,0.76567
2.250000000000003,-0.00368,0.7926644444444445,0.7048207407407407,0.76635
2.2400000000000033,-0.010091111111111106,0.7991466666666669,0.7133471604938273,0.77666
2.2300000000000035,0.005606666666666665,0.8016044444444446,0.7166182716049382,0.77462
2.2200000000000037,-0.0017199999999999989,0.8063844444444446,0.7233086419753088,0.7785
2.210000000000004,0.022164444444444445,0.8074377777777777,0.7246162962962962,0.77706
2.200000000000004,0.006897777777777776,0.8105422222222224,0.7289758024691358,0.78471
2.1900000000000044,0.028100000000000003,0.814931111111111,0.7342291358024691,0.78205
2.1800000000000046,0.01957111111111111,0.8169444444444445,0.7374409876543211,0.78711
2.170000000000005,-0.001119999999999999,0.8203333333333331,0.7414429629629632,0.79387
2.160000000000005,0.014475555555555554,0.8228466666666667,0.74512987654321,0.79422
2.1500000000000052,-0.0015577777777777814,0.8242088888888888,0.7473106172839505,0.79747
2.1400000000000055,-0.005933333333333333,0.8258333333333333,0.7493876543209876,0.79868
2.1300000000000057,0.02434,0.8331688888888887,0.7589550617283951,0.80154
2.120000000000006,0.01635111111111111,0.8370600000000001,0.764538271604938,0.80435
2.110000000000006,-0.01118666666666667,0.8358822222222222,0.7628444444444445,0.80822
2.1000000000000063,0.014124444444444448,0.8404244444444445,0.7693787654320987,0.81168
2.0900000000000065,0.025273333333333325,0.846602222222222,0.7772641975308643,0.81195
2.0800000000000067,0.01127333333333333,0.8448244444444444,0.7750370370370371,0.81232
2.070000000000007,0.013733333333333332,0.84834,0.779600987654321,0.81762
2.060000000000007,-0.011133333333333332,0.8541822222222222,0.7876582716049384,0.82421
2.0500000000000074,0.01714222222222222,0.8584266666666669,0.7934449382716049,0.82548
2.0400000000000076,0.016471111111111113,0.8614800000000001,0.7976148148148149,0.83051
2.030000000000008,-0.0020644444444444447,0.8626511111111111,0.7995170370370369,0.83328
2.020000000000008,-0.01613333333333333,0.8669911111111113,0.8052681481481481,0.84042
2.0100000000000082,0.026713333333333335,0.8656555555555556,0.803528888888889,0.83118
2.0000000000000084,0.008862222222222223,0.8708244444444445,0.8109333333333333,0.84027
1.9900000000000084,-0.00476222222222223,0.8721533333333334,0.8125738271604939,0.84197
1.9800000000000084,-0.00488,0.8770577777777779,0.8194883950617283,0.85014
1.9700000000000084,0.034468888888888875,0.8779244444444445,0.8206222222222221,0.84443
1.9600000000000084,0.016157777777777774,0.8808800000000001,0.8246212345679013,0.84839
1.9500000000000084,0.004844444444444445,0.88698,0.83304,0.85613
1.9400000000000084,0.01182222222222222,0.886977777777778,0.8330113580246913,0.85654
1.9300000000000084,-0.025731111111111114,0.8903755555555556,0.8378212345679011,0.86279
1.9200000000000084,0.0067711111111111106,0.8936533333333334,0.8422409876543209,0.86311
1.9100000000000084,-0.008677777777777779,0.8960355555555556,0.8459575308641976,0.86797
1.9000000000000083,0.0027911111111111166,0.8978577777777776,0.8483367901234569,0.86804
