5.000000000000000000e+00 1.260400000000000000e+04
4.900000000000000355e+00 1.324200000000000000e+04
4.800000000000000711e+00 1.372200000000000000e+04
4.700000000000001066e+00 6.388000000000000000e+03
4.600000000000001421e+00 2.232000000000000000e+03
4.500000000000001776e+00 1.254400000000000000e+04
4.400000000000002132e+00 4.396000000000000000e+03
4.300000000000002487e+00 7.326000000000000000e+03
4.200000000000002842e+00 4.748000000000000000e+03
4.100000000000003197e+00 4.886000000000000000e+03
4.000000000000003553e+00 1.722000000000000000e+03
3.900000000000003464e+00 4.442000000000000000e+03
3.800000000000003375e+00 -6.024000000000000000e+03
3.700000000000003286e+00 6.440000000000000000e+02
3.600000000000003197e+00 3.644000000000000000e+03
3.500000000000003109e+00 -1.720000000000000000e+02
3.400000000000003020e+00 8.834000000000000000e+03
3.300000000000002931e+00 4.304000000000000000e+03
3.200000000000002842e+00 -8.324000000000000000e+03
3.100000000000002753e+00 -1.452400000000000000e+04
3.000000000000002665e+00 -1.449200000000000000e+04
2.900000000000002576e+00 -2.435200000000000000e+04
2.800000000000002487e+00 -2.703800000000000000e+04
2.700000000000002398e+00 -2.375800000000000000e+04
2.600000000000002309e+00 -3.207800000000000000e+04
2.500000000000002220e+00 -3.578000000000000000e+04
2.400000000000002132e+00 -7.488800000000000000e+04
2.300000000000002043e+00 -7.998600000000000000e+04
2.200000000000001954e+00 -8.935400000000000000e+04
2.100000000000001865e+00 -1.737140000000000000e+05
2.000000000000001776e+00 -1.304940000000000000e+05
1.900000000000001688e+00 -1.973300000000000000e+05
1.800000000000001599e+00 -3.305760000000000000e+05
1.700000000000001510e+00 -4.324620000000000000e+05
1.600000000000001421e+00 -4.636480000000000000e+05
1.500000000000001332e+00 -4.695340000000000000e+05
1.400000000000001243e+00 -4.868160000000000000e+05
1.300000000000001155e+00 -4.912520000000000000e+05
1.200000000000001066e+00 -4.964800000000000000e+05
1.100000000000000977e+00 -4.961920000000000000e+05
1.000000000000000888e+00 -4.992700000000000000e+05
9.000000000000009104e-01 -4.997480000000000000e+05
8.000000000000009326e-01 -4.999820000000000000e+05
7.000000000000009548e-01 -5.000000000000000000e+05
6.000000000000009770e-01 -5.000000000000000000e+05
5.000000000000009992e-01 -5.000000000000000000e+05
