5.000000000000000000e+00 2.420000000000000000e+02
4.900000000000000355e+00 -5.400000000000000000e+01
4.800000000000000711e+00 -1.140000000000000000e+02
4.700000000000001066e+00 -2.000000000000000000e+01
4.600000000000001421e+00 -8.000000000000000000e+01
4.500000000000001776e+00 -4.200000000000000000e+01
4.400000000000002132e+00 -6.400000000000000000e+02
4.300000000000002487e+00 -1.400000000000000000e+02
4.200000000000002842e+00 2.460000000000000000e+02
4.100000000000003197e+00 -6.400000000000000000e+01
4.000000000000003553e+00 1.720000000000000000e+02
3.900000000000003464e+00 -1.120000000000000000e+02
3.800000000000003375e+00 9.060000000000000000e+02
3.700000000000003286e+00 -3.800000000000000000e+01
3.600000000000003197e+00 -3.920000000000000000e+02
3.500000000000003109e+00 -3.060000000000000000e+02
3.400000000000003020e+00 -6.000000000000000000e+01
3.300000000000002931e+00 -2.800000000000000000e+02
3.200000000000002842e+00 2.540000000000000000e+02
3.100000000000002753e+00 -2.580000000000000000e+02
3.000000000000002665e+00 -1.960000000000000000e+02
2.900000000000002576e+00 -5.520000000000000000e+02
2.800000000000002487e+00 -5.060000000000000000e+02
2.700000000000002398e+00 -8.200000000000000000e+01
2.600000000000002309e+00 3.380000000000000000e+02
2.500000000000002220e+00 2.240000000000000000e+02
2.400000000000002132e+00 1.400000000000000000e+03
2.300000000000002043e+00 -6.760000000000000000e+02
2.200000000000001954e+00 3.514000000000000000e+03
2.100000000000001865e+00 -4.612000000000000000e+03
2.000000000000001776e+00 8.800000000000000000e+02
1.900000000000001688e+00 4.140000000000000000e+02
1.800000000000001599e+00 -2.910000000000000000e+03
1.700000000000001510e+00 7.884000000000000000e+03
1.600000000000001421e+00 2.401400000000000000e+04
1.500000000000001332e+00 -2.431400000000000000e+04
1.400000000000001243e+00 -2.456400000000000000e+04
1.300000000000001155e+00 2.467400000000000000e+04
1.200000000000001066e+00 2.490200000000000000e+04
1.100000000000000977e+00 -2.492200000000000000e+04
1.000000000000000888e+00 2.498000000000000000e+04
9.000000000000009104e-01 -2.498600000000000000e+04
8.000000000000009326e-01 2.499400000000000000e+04
7.000000000000009548e-01 2.499600000000000000e+04
6.000000000000009770e-01 2.500000000000000000e+04
5.000000000000009992e-01 -2.500000000000000000e+04
